Node Number = 1727
55.712558  26.776662  -0.000000
55.657330  26.773275  -0.000000
55.650972  26.785942  -0.000000
55.728543  26.774148  -0.000000
55.721642  26.786713  -0.000000
55.742246  26.778850  -0.000000
55.631520  26.783671  0.531940
55.641851  26.775111  -0.000000
55.643662  26.764236  -0.000000
55.556294  26.830725  0.620789
55.619182  26.796695  3.125713
55.641614  26.796523  -0.000000
55.644751  26.808513  -0.000000
55.770575  26.784073  -0.000000
55.756842  26.781412  -0.000000
55.734576  26.790384  0.031525
55.748416  26.789611  0.340915
55.779497  26.793932  -0.000000
55.562883  26.809641  2.546122
55.595860  26.794602  5.238936
55.609727  26.779322  4.162239
55.625773  26.768431  1.539660
55.625856  26.750135  -0.000000
55.583744  26.811172  8.301381
55.573162  26.825273  4.017952
55.570836  26.843315  1.803886
55.606231  26.812819  5.790080
55.630137  26.813233  2.495906
55.647038  26.819225  -0.000000
55.730059  26.803165  -0.000000
55.791746  26.809842  -0.000000
55.785128  26.798071  -0.000000
55.761564  26.794677  -0.000000
55.745796  26.800123  0.753273
55.771564  26.802764  -0.000000
55.788402  26.821187  -0.000000
55.537802  26.794284  -0.000000
55.539130  26.802277  -0.000000
55.572275  26.793180  5.313669
55.551989  26.795044  2.369269
55.541626  26.784657  6.222939
55.584004  26.774421  9.178348
55.602022  26.758106  3.181195
55.597804  26.729209  -0.000000
55.569890  26.886423  -0.000000
55.574223  26.870982  2.057080
55.572785  26.857221  1.928682
55.592052  26.831512  8.595836
55.586562  26.848826  9.246034
55.616411  26.829695  5.057645
55.635734  26.829160  0.710712
55.650828  26.830392  -0.000000
55.741897  26.812076  4.216164
55.729225  26.822179  0.425442
55.776896  26.814004  -0.000000
55.758262  26.810821  2.807096
55.779199  26.827327  -0.000000
55.790534  26.835810  -0.000000
55.530725  26.786661  2.879161
55.525537  26.802782  -0.000000
55.555172  26.774199  9.854354
55.532441  26.773096  5.315001
55.568966  26.747114  12.858182
55.565352  26.713819  -0.000000
55.539948  26.708413  -0.000000
55.576946  26.900199  -0.000000
55.586758  26.891227  7.678187
55.588792  26.878406  15.886617
55.589716  26.862602  11.216796
55.607420  26.849478  5.316110
55.626891  26.841965  2.145396
55.643100  26.840447  -0.000000
55.586649  26.914431  7.853383
55.584139  26.926846  1.797171
55.712453  26.837771  -0.000000
55.746146  26.824090  5.864584
55.735570  26.833455  1.396659
55.723153  26.833423  -0.000000
55.763968  26.828014  -0.000000
55.776197  26.837619  -0.000000
55.516222  26.778485  13.777094
55.515995  26.762697  8.382445
55.534904  26.751874  11.960730
55.543509  26.728160  7.874352
55.530424  26.716348  4.222151
55.591655  26.937687  -0.000000
55.594512  26.902602  5.775249
55.603649  26.888504  26.933351
55.608516  26.870697  15.540158
55.631791  26.861043  1.184798
55.599480  26.917303  1.292801
55.599823  26.930897  0.954798
55.701713  26.845845  -0.000000
55.717207  26.846058  -0.000000
55.747952  26.837990  3.455016
55.732608  26.843719  2.088573
55.763124  26.844247  0.682941
55.776348  26.849025  -0.000000
55.489627  26.763568  1.319225
55.506784  26.746460  17.148266
55.521458  26.731388  15.720469
55.515470  26.718446  8.510956
55.524389  26.704822  -0.000000
55.605672  26.947552  -0.000000
55.624463  26.957091  -0.000000
55.613588  26.903947  13.297698
55.629728  26.884145  9.872588
55.660539  26.873468  -0.000000
55.618171  26.925095  9.309072
55.707850  26.858619  -0.000000
55.725465  26.856972  3.470479
55.746299  26.854414  4.088446
55.767979  26.858419  0.802590
55.456928  26.750820  4.087763
55.481062  26.742193  12.079409
55.497658  26.727037  17.695655
55.503420  26.712634  5.308113
55.496568  26.701441  -0.000000
55.630191  26.943287  10.199592
55.640700  26.958971  6.075095
55.635990  26.906026  14.998012
55.654020  26.885323  0.965780
55.642453  26.926651  32.372714
55.714628  26.869910  1.681325
55.734197  26.869111  12.733496
55.752771  26.870439  6.301013
55.772724  26.874489  -0.000000
55.444741  26.753672  3.100139
55.462973  26.738564  3.857931
55.451540  26.742802  5.037465
55.472403  26.726708  6.945496
55.483012  26.711425  6.506826
55.471241  26.689990  -0.000000
55.649688  26.944358  29.714566
55.655538  26.959108  10.573512
55.657979  26.910991  22.433478
55.673419  26.902041  1.149022
55.662699  26.930145  35.946073
55.701284  26.898917  -0.000000
55.713206  26.890697  1.261693
55.726086  26.880880  14.204575
55.739934  26.882050  19.017543
55.755490  26.884150  7.789531
55.769916  26.886470  -0.000000
55.433267  26.754545  -0.000000
55.440129  26.740662  3.528154
55.452930  26.730294  4.221510
55.456784  26.710735  5.408856
55.449167  26.693369  1.956276
55.447883  26.679747  -0.000000
55.434549  26.674446  -0.000000
55.680768  26.986231  1.418593
55.676857  26.975669  4.546896
55.666548  26.947981  32.579421
55.668145  26.967071  0.095169
55.679293  26.915757  5.260549
55.680231  26.935128  27.546179
55.708354  26.908890  -0.000000
55.717203  26.901654  1.292954
55.728464  26.892629  12.719696
55.742599  26.895089  9.075399
55.754996  26.896361  -0.000000
55.419599  26.755409  2.716963
55.424549  26.740363  4.983135
55.433749  26.722291  4.720228
55.434987  26.701064  5.682903
55.434938  26.685309  3.066513
55.423315  26.674909  -0.000000
55.692386  26.981392  3.503425
55.705660  26.980553  2.866013
55.687719  26.966863  10.461933
55.682990  26.952075  35.354750
55.694208  26.924450  6.661380
55.695647  26.940356  13.524801
55.706422  26.919467  0.803857
55.720158  26.913387  1.580343
55.731753  26.905402  7.411488
55.744954  26.909938  0.323895
55.409242  26.742717  6.914074
55.398886  26.755065  0.455825
55.411306  26.726550  11.648843
55.415558  26.706364  14.621246
55.419728  26.688314  6.992251
55.408858  26.673641  1.103023
55.718605  26.980906  5.189025
55.706286  26.969919  7.520129
55.699650  26.955051  6.285815
55.706985  26.930951  4.817667
55.709817  26.944476  5.038762
55.720070  26.925192  0.368554
55.737143  26.919714  -0.000000
55.339812  26.784040  -0.000000
55.327682  26.787386  -0.000000
55.337418  26.768312  2.871426
55.354703  26.772210  2.883340
55.391870  26.736195  13.635138
55.375012  26.758035  2.455524
55.392868  26.711368  19.825218
55.400710  26.688592  16.051888
55.393386  26.664785  -0.000000
55.373533  26.654951  -0.000000
55.354234  26.646920  -0.000000
55.336879  26.644442  -0.000000
55.321288  26.646418  -0.000000
55.734841  26.978039  0.404009
55.724539  26.968049  7.680409
55.715443  26.956616  7.677084
55.719814  26.936808  0.630019
55.721364  26.947073  3.021323
55.729897  26.930822  -0.000000
55.323846  26.774513  2.188688
55.309465  26.784072  -0.000000
55.325358  26.760404  4.682629
55.343372  26.750388  12.202013
55.363904  26.723428  21.769880
55.373861  26.687076  13.540658
55.350671  26.669854  7.482164
55.334251  26.657421  3.329776
55.316236  26.660681  1.871134
55.308260  26.648932  -0.000000
55.741061  26.967684  3.017884
55.730999  26.955129  2.655642
55.730749  26.942334  -0.000000
55.282920  26.784141  -0.000000
55.253586  26.782694  -0.000000
55.303341  26.762864  3.958332
55.318814  26.745943  8.876185
55.328392  26.724381  19.102832
55.341953  26.696542  17.589056
55.326194  26.676207  7.005969
55.302071  26.660665  2.480027
55.305354  26.674443  6.328473
55.291258  26.651781  -0.000000
55.765706  26.995109  0.785234
55.752358  26.976912  4.943555
55.754327  26.963866  1.015204
55.744323  26.957182  -0.000000
55.739512  26.946959  -0.000000
55.269377  26.759291  2.956983
55.231893  26.764956  -0.000000
55.293608  26.731675  10.688002
55.308699  26.698300  16.489375
55.289249  26.667485  7.382229
55.289673  26.683315  22.375204
55.277794  26.659889  2.048206
55.775880  27.004996  1.563973
55.780054  26.990717  8.646900
55.772322  26.979813  8.886966
55.765639  26.969326  5.353782
55.766861  26.959821  0.040521
55.755718  26.952271  -0.000000
55.221823  26.741697  0.934487
55.250912  26.729409  6.735667
55.275720  26.701527  11.313305
55.269343  26.674816  12.974949
55.261769  26.653276  2.360632
55.265245  26.641219  -0.000000
55.269258  26.628455  -0.000000
55.798515  26.993067  2.548270
55.787847  26.980598  16.341415
55.782329  26.966216  25.101075
55.776292  26.947424  -0.000000
55.813402  27.003148  0.635514
55.016956  25.868406  -0.000000
55.192582  26.722521  0.860897
55.221873  26.715063  4.824919
55.242088  26.691641  4.079165
55.249106  26.666574  2.031565
55.162609  26.720817  -0.000000
55.173784  26.703032  3.383139
55.117401  26.700709  -0.000000
55.094182  26.689079  -0.000000
55.277021  26.616000  -0.000000
55.246625  26.649089  15.085772
55.251213  26.634759  4.006119
55.263513  26.611484  6.001448
55.248223  26.620371  11.713593
55.815036  26.987736  4.791724
55.806013  26.973178  11.303621
55.801331  26.953347  11.475343
55.815103  26.925463  -0.000000
55.827130  26.992462  1.781690
55.830976  27.004725  -0.000000
54.999954  25.863067  18.129431
55.003687  25.873580  14.788691
55.023954  25.862383  -0.000000
55.010394  25.852956  13.770894
55.027360  25.851018  6.788564
55.000000  25.836017  37.102529
55.201960  26.690041  8.387775
55.225704  26.664045  2.499142
55.141803  26.700061  -0.000000
55.169967  26.681715  3.492953
55.113783  26.678450  3.682996
55.078004  26.669449  0.023191
55.026747  26.636890  -0.000000
54.994071  26.625213  -0.000000
55.276901  26.602412  -0.000000
55.226716  26.634659  10.357091
55.248930  26.604622  17.996255
55.260745  26.597041  10.148894
55.229707  26.608244  23.899525
56.395000  26.225635  -0.000000
56.400494  26.214620  -0.000000
56.393915  26.201276  -0.000000
56.380523  26.227130  -0.000000
55.830119  26.976826  3.312199
55.826916  26.954449  8.187390
55.849430  26.934616  13.533198
55.859042  26.899772  -0.000000
55.888750  26.899068  -0.000000
55.846120  26.989871  1.516486
55.852585  27.011121  3.352459
55.000000  25.885532  22.208747
55.016888  25.882355  -0.000000
55.040416  25.858044  1.478522
55.023239  25.836590  22.578362
55.038799  25.845116  11.919012
55.016181  25.805452  48.404250
55.187725  26.652260  5.818888
55.144563  26.663175  3.512841
55.106747  26.648224  6.808071
55.066088  26.647838  -0.000000
55.024408  26.611544  8.344477
55.051531  26.617882  14.943560
54.999964  26.596688  4.988580
55.271920  26.580719  -0.000000
55.274584  26.557413  1.932899
55.197812  26.613838  5.381710
55.242462  26.585968  22.600883
55.214098  26.590004  8.413785
56.386513  26.212977  -0.000000
56.374450  26.217681  -0.000000
55.859499  26.963258  5.103005
55.886588  26.930133  17.855947
55.917978  26.907220  -0.000000
55.948658  26.916346  -0.000000
55.876408  26.990830  2.940566
55.885446  27.018548  1.280489
54.999994  25.930597  32.213111
55.020517  25.908802  4.128890
55.032289  25.893334  -0.000000
55.050802  25.874060  -0.000000
55.056278  25.850953  21.115547
55.046700  25.828975  30.783036
55.062486  25.800111  46.034980
55.296935  26.547513  -0.000000
55.147355  26.618331  5.258643
55.090687  26.612088  8.094261
55.049727  26.581042  6.862455
54.999999  26.565293  8.000000
54.999968  26.511082  8.335677
55.287497  26.540706  2.138879
55.252594  26.558688  19.023810
55.268832  26.538322  28.046820
55.181274  26.579516  3.324381
55.219237  26.562450  14.537825
56.371962  26.205262  -0.000000
56.363219  26.214491  -0.000000
56.362911  26.229277  -0.000000
55.900917  26.966069  6.174512
55.930499  26.940917  8.809386
55.958844  26.934418  -0.000000
55.913879  26.996104  6.362029
55.932526  27.020776  0.496011
55.979646  26.943119  1.814693
55.999188  26.953107  -0.000000
56.012082  26.951862  -0.000000
54.999947  25.975731  39.200209
55.030601  25.943505  44.930338
55.043330  25.917482  25.247441
55.064509  25.901867  41.474900
55.083788  25.872823  43.594136
55.083218  25.835624  47.026742
55.110250  25.800042  30.000793
55.309694  26.548867  -0.000000
55.302091  26.539251  -0.000000
55.328531  26.562976  -0.000000
55.122675  26.559194  5.000000
55.058824  26.504576  6.854598
54.999916  26.425428  16.948720
54.999987  26.326576  52.487429
55.290225  26.527304  6.841276
55.269562  26.518570  19.960525
55.238531  26.527249  6.911894
55.186463  26.533265  3.999234
56.355697  26.204658  -0.000000
56.351076  26.215575  -0.000000
56.351716  26.193845  -0.000000
55.938628  26.975163  10.735306
55.961880  26.957056  22.907755
55.949348  27.005228  3.342863
55.957227  27.036662  -0.000000
55.988414  26.963117  12.794714
56.009105  26.961460  3.556722
56.024152  26.954128  -0.000000
54.999957  26.236833  74.578582
54.999945  26.133381  73.006574
54.999935  26.038819  73.620106
55.051087  25.988510  66.455617
55.068732  25.939895  53.906411
55.108115  25.913596  52.515976
55.139808  25.860826  52.705305
55.180036  25.800028  47.604198
55.336691  26.572521  -0.000000
55.323417  26.552183  -0.000000
55.320077  26.541124  1.839669
55.308118  26.529988  2.590062
55.339226  26.553799  3.023777
55.305621  26.518093  2.943301
55.144398  26.485496  5.292585
55.095086  26.404419  15.951429
55.096726  26.308236  65.121379
55.180028  26.290680  81.550829
55.289855  26.506195  5.731035
55.260366  26.493775  6.280681
55.212665  26.485661  3.134058
55.240575  26.281458  46.776682
55.284900  26.275457  3.734835
56.342151  26.198277  -0.000000
56.339102  26.208937  -0.000000
56.338459  26.184695  -0.000000
56.036124  26.958533  -0.000000
55.968337  27.061316  -0.000000
55.981213  27.040582  5.679356
55.975247  26.985596  12.448972
55.978581  27.017061  9.499463
56.005421  26.978362  12.462229
56.025372  26.968180  5.637921
55.991027  27.073537  -0.000000
55.864625  26.734053  0.337886
55.864063  26.720947  5.299096
55.130218  26.236133  3.575458
55.210888  26.240620  60.459619
55.100958  26.158401  74.405156
55.092558  26.058685  88.539115
55.114751  25.974394  69.401998
55.177102  25.931748  64.311589
55.236144  25.871877  55.403828
55.297601  25.800014  45.293407
55.264466  26.247708  35.202085
55.290625  26.254444  -0.000000
55.355616  26.556694  2.983314
55.367647  26.565497  -0.000000
55.335087  26.537836  5.399930
55.322574  26.524168  4.258488
55.356013  26.540582  6.899086
55.317331  26.502807  3.891674
55.190674  26.425813  9.219386
55.175077  26.354713  25.935373
55.226685  26.322890  53.230676
55.296025  26.476618  4.238436
55.255556  26.448344  3.399623
55.276484  26.311379  38.793412
55.302489  26.278887  -0.000000
55.966003  25.813555  0.123441
55.986674  25.834746  2.333951
55.944846  25.795871  2.007973
56.325781  26.199250  -0.000000
56.322595  26.186422  -0.000000
56.047492  26.967964  1.356175
56.072843  26.967801  -0.000000
55.997925  27.056756  5.576474
56.003994  27.031112  8.847230
56.004455  27.003179  9.192192
56.029936  26.988634  13.028166
56.014736  27.083199  -0.000000
56.038534  27.091970  0.448159
55.877864  26.731872  -0.000000
55.877922  26.717150  5.456133
55.850619  26.729363  -0.000000
55.866181  26.702913  15.205044
55.847168  26.710331  10.347630
55.192753  26.181982  83.941860
55.257287  26.205733  37.571728
55.190316  26.103319  65.903418
55.190912  26.013887  73.212435
55.272880  25.955863  64.869125
55.349440  25.882724  51.923889
55.433615  25.800018  39.001159
55.314436  26.249375  -0.000000
55.323347  26.264897  1.737930
55.302523  26.228525  12.486339
55.571246  26.627223  -0.000000
55.541028  26.619308  -0.000000
55.518550  26.602875  -0.000000
55.378501  26.551069  3.276161
55.399185  26.572051  -0.000000
55.492096  26.590546  -0.000000
55.461349  26.594758  -0.000000
55.427469  26.581379  -0.000000
55.349213  26.515159  7.772008
55.378436  26.528930  7.245599
55.340700  26.476603  4.000000
55.261261  26.376201  30.523486
55.312343  26.431970  6.284474
55.307697  26.338288  24.427774
55.311780  26.306450  38.427983
55.328842  26.282447  20.341753
56.039858  25.936813  1.688018
56.031682  25.916982  -0.000000
56.023653  25.897341  6.450952
56.012460  25.878067  -0.000000
55.999355  25.860782  1.844626
55.935827  25.818759  11.206288
55.955018  25.838934  6.171189
55.972998  25.856862  7.022166
55.893350  25.800017  3.793803
56.050148  25.962149  0.321876
56.067592  25.987682  -0.000000
56.310414  26.196057  -0.000000
56.305696  26.183218  -0.000000
56.094187  26.981929  -0.000000
56.063328  26.995812  13.695771
56.028242  27.050787  7.247973
56.033550  27.018300  8.758133
56.081198  27.118455  -0.000000
56.047898  27.075076  7.744441
56.058289  27.105217  -0.000000
56.158660  27.153687  -0.000000
56.175621  27.153533  -0.000000
56.192678  27.156109  -0.000000
55.895207  26.723652  0.526741
55.886293  26.706364  14.896471
55.880816  26.692312  13.376782
55.865500  26.685759  10.322247
55.877621  26.679812  -0.000000
55.813473  26.710904  -0.000000
55.841503  26.687523  16.068264
55.705952  26.686248  -0.000000
55.739382  26.679868  -0.000000
55.562427  25.800025  37.746867
55.266852  26.147650  61.744482
55.306237  26.187890  20.222970
55.297864  26.059250  82.502121
55.385820  25.975616  64.235963
55.470581  25.892884  50.315394
55.336742  26.244674  23.426640
55.348521  26.266296  40.132856
55.347871  26.209844  35.861667
55.601871  26.638556  -0.000000
55.627870  26.646001  -0.000000
55.674470  26.675533  -0.000000
55.650164  26.657736  -0.000000
55.590276  26.604348  8.895053
55.551585  26.598881  10.021627
55.522108  26.576897  10.400786
55.414108  26.542659  4.541279
55.485783  26.562665  7.813937
55.451587  26.558578  9.416614
55.394348  26.495175  4.710491
55.374942  26.437873  4.000000
55.345575  26.376155  27.714202
55.343387  26.321241  64.409110
55.369917  26.290362  59.853693
56.028347  25.957507  12.313785
56.012769  25.937516  11.498224
56.004128  25.908568  12.937938
55.975259  25.885575  15.496465
55.919917  25.845410  9.340487
55.948687  25.864268  9.069758
55.815956  25.800031  12.135490
55.866379  25.855918  16.727236
55.683997  25.800051  26.929725
56.085066  26.043076  -0.000000
56.078522  26.014388  -0.000000
56.035301  25.981747  24.704395
56.048235  26.006094  24.434568
56.349437  26.251901  -0.000000
56.304011  26.208680  -0.000000
56.291833  26.207533  -0.000000
56.093943  27.005774  9.456419
56.124914  26.984949  -0.000000
56.100594  27.128853  -0.000000
56.115373  27.142642  -0.000000
56.071346  27.040269  10.634574
56.092042  27.102988  7.201727
56.076241  27.079006  9.016265
56.143005  27.146127  1.052593
56.165599  27.142391  1.861217
56.181292  27.145218  1.269858
56.194144  27.140777  1.043278
56.161266  27.001400  2.486243
56.168081  26.990369  -0.000000
56.186787  26.988488  -0.000000
55.900929  26.706915  5.260106
55.913370  26.713334  -0.000000
55.896705  26.695241  8.834503
55.892597  26.683782  1.393236
55.861380  26.666234  3.020992
55.808510  26.678195  12.168882
55.773269  26.686021  -0.000000
55.828309  26.658316  25.916540
55.713818  26.659308  15.764578
55.749258  26.658748  22.796562
55.589642  25.906572  33.637143
55.356655  26.147681  91.110012
55.421613  26.070634  71.151439
55.502541  25.992259  60.443511
55.383755  26.249098  62.243463
55.401310  26.201177  88.094681
55.634305  26.619809  2.806499
55.680027  26.635109  16.738061
55.616345  26.578979  8.506671
55.566303  26.562625  8.493098
55.518328  26.543780  5.726598
55.469227  26.511416  6.054900
55.433807  26.453561  3.073011
55.422881  26.393742  26.703407
55.396511  26.333731  60.564609
55.418487  26.289341  39.359291
56.003658  25.969303  23.718611
55.968945  25.935916  20.075671
55.920241  25.894550  18.061518
55.790112  25.881222  27.755044
55.858699  25.914246  26.557992
55.702681  25.937993  42.649580
56.096905  26.071429  -0.000000
56.069055  26.065173  40.217871
56.045931  26.038905  33.155379
56.013828  26.007743  29.210970
56.135533  26.134176  -0.000000
56.125696  26.114046  -0.000000
56.110701  26.093881  -0.000000
56.147307  26.143751  -0.000000
56.130871  26.150570  11.266296
56.367054  26.272653  -0.000000
56.346117  26.267651  -0.000000
56.243571  26.203019  -0.000000
56.255586  26.205226  -0.000000
56.302343  26.222356  -0.000000
56.292600  26.217467  -0.000000
56.282688  26.215034  -0.000000
56.115938  27.025905  16.239241
56.143145  27.005605  5.657058
56.124303  27.114919  6.000000
56.111629  27.071471  10.330019
56.156594  27.122495  6.465470
56.178419  27.133280  2.614647
56.167918  27.021183  12.637199
56.181147  27.005018  3.663514
56.195192  26.998792  1.544102
56.201798  26.989584  -0.000000
56.388191  27.186552  -0.000000
56.401292  27.181405  -0.000000
56.410374  27.174719  0.570814
56.422674  27.169215  0.572132
56.433435  27.173809  -0.000000
55.913072  26.695983  -0.000000
55.906522  26.686090  1.029023
55.902972  26.675614  -0.000000
55.852921  26.638114  -0.000000
55.785998  26.648203  24.891980
55.819542  26.631623  18.640117
55.733821  26.620330  28.790152
55.615623  26.016104  51.924545
55.454835  26.157265  68.650864
55.531966  26.091654  74.793426
55.463437  26.241972  74.344632
55.673583  26.577918  21.900211
55.617259  26.530183  22.787633
55.548220  26.505288  8.744605
55.507636  26.429573  31.230067
55.478817  26.331522  67.483051
55.962756  25.995380  31.637710
55.903802  25.960490  31.432024
55.812959  25.979020  42.633926
55.723753  26.044878  55.206276
56.077653  26.091614  16.003427
56.039718  26.080837  37.044379
55.987090  26.055013  40.909544
56.113895  26.138063  25.311689
56.094456  26.118423  42.995375
56.145278  26.159640  9.273257
56.164528  26.154397  -0.000000
56.113108  26.158166  29.765780
56.130108  26.169621  35.614884
56.175019  26.175892  -0.000000
56.347091  26.282759  -0.000000
56.233393  26.209947  -0.000000
56.222848  26.215224  -0.000000
56.334720  26.276773  -0.000000
56.270735  26.211957  -0.000000
56.245703  26.213811  -0.000000
56.257403  26.215258  -0.000000
56.307012  26.233523  -0.000000
56.293542  26.228666  8.940850
56.281181  26.222530  5.243050
56.317034  26.241401  -0.000000
56.150648  27.047349  17.650201
56.150886  27.089844  10.067661
56.177352  27.108399  9.468048
56.193347  27.128363  5.284597
56.313101  27.183896  -0.000000
56.289831  27.182357  -0.000000
56.180232  27.042997  16.844253
56.191070  27.024720  11.124453
56.197718  27.010172  5.051712
56.208508  27.000696  2.229978
56.377214  27.183606  0.993972
56.390394  27.172510  0.405936
56.406954  27.165445  1.103786
56.420625  27.157470  1.866065
56.433324  27.160798  0.705044
56.444184  27.167246  -0.000000
55.918847  26.688203  -0.000000
55.914939  26.677715  0.590393
55.909744  26.666653  -0.000000
55.868046  26.612023  -0.000000
55.841205  26.609302  23.290400
55.789276  26.604172  37.140531
55.744786  26.558828  38.540019
55.643157  26.123168  75.560325
55.554027  26.190411  83.011764
55.552830  26.274930  69.838566
55.688536  26.502144  39.976864
55.610568  26.454111  42.601916
55.589934  26.357292  63.910371
55.899212  26.043784  41.479615
55.812458  26.070443  45.707702
55.755637  26.142453  79.232718
56.055084  26.119934  48.863789
56.003496  26.114366  48.638415
55.944688  26.104042  48.957132
56.361061  26.315271  -0.000000
56.344778  26.309983  -0.000000
56.083704  26.152994  38.637210
56.153578  26.179859  0.309063
56.106963  26.179581  47.143542
56.130849  26.189904  46.300360
56.178737  26.200474  -0.000000
56.334097  26.294139  -0.000000
56.234081  26.222406  14.732837
56.216066  26.229283  -0.000000
56.324876  26.284959  -0.000000
56.314509  26.272539  -0.000000
56.314078  26.253972  -0.000000
56.266828  26.226280  19.596498
56.250181  26.227011  22.742732
56.297424  26.240347  12.394519
56.280693  26.235773  30.499942
56.301859  26.251053  6.220695
56.328232  26.309931  -0.000000
56.358296  27.178227  1.962190
56.333552  27.178661  1.850347
56.252398  27.168190  -0.000000
56.213209  27.137682  1.695558
56.231976  27.156700  -0.000000
56.184790  27.074418  14.029276
56.217295  27.115723  11.851189
56.200077  27.101987  10.238377
56.311592  27.162619  3.728511
56.282233  27.153778  4.269001
56.206731  27.047312  16.807796
56.212675  27.021633  10.370724
56.228003  27.009823  8.135420
56.221209  26.991079  -0.000000
56.239980  26.978307  -0.000000
56.375140  27.162055  2.044831
56.393574  27.155991  1.887501
56.430430  27.145088  2.866421
56.409745  27.146805  3.271804
56.441279  27.113004  2.606972
56.539395  27.173989  -0.000000
56.525046  27.174638  -0.000000
56.448594  27.151955  1.550550
56.460896  27.165828  -0.000000
56.449040  27.129806  2.115211
56.458087  27.110295  1.606330
56.721606  27.153299  -0.000000
56.951220  27.001066  0.662223
56.938912  27.010330  0.127255
56.949218  26.985798  -0.000000
55.928040  26.681810  2.550598
55.923511  26.667919  7.437470
55.914513  26.660155  1.307746
55.940108  26.688175  -0.000000
55.896556  26.623266  -0.000000
55.896664  26.586664  52.162998
55.861890  26.568607  56.287796
55.810304  26.556725  50.013574
55.773200  26.491641  48.892360
55.677935  26.253401  74.915825
55.711820  26.400122  46.652477
55.870728  26.142027  65.027345
55.805794  26.220711  91.315513
56.031478  26.161356  51.352301
55.962917  26.164988  65.667211
56.348441  26.322737  -0.000000
56.360949  26.331444  -0.000000
56.334722  26.321594  -0.000000
56.322682  26.320193  17.353121
56.070946  26.195419  56.276117
56.150530  26.209075  40.745938
56.113064  26.211379  50.918594
56.185605  26.225317  -0.000000
56.202492  26.242743  -0.000000
56.320606  26.296111  -0.000000
56.236297  26.239158  33.415396
56.219011  26.244700  -0.000000
56.306645  26.285955  5.235231
56.296351  26.267878  19.748222
56.260774  26.245152  36.961051
56.284407  26.251664  9.792524
56.313858  26.313047  27.231642
56.464311  27.092434  -0.000000
56.345728  27.148850  6.761441
56.252237  27.127550  7.953393
56.227603  27.083027  11.767006
56.305106  27.128165  7.141633
56.244017  27.037070  16.865245
56.253605  26.998632  13.836612
56.262332  26.969950  -0.000000
56.385636  27.133140  4.160872
56.421252  27.123692  7.852500
56.429391  27.102489  3.350784
56.448626  27.098737  -0.000000
56.709030  27.153940  -0.000000
56.670194  27.157683  -0.000000
56.549412  27.165080  -0.000000
56.561327  27.166695  -0.000000
56.575918  27.167036  -0.000000
56.641606  27.163876  -0.000000
56.620655  27.168558  -0.000000
56.602192  27.166217  0.026943
56.588993  27.166382  0.017016
56.510054  27.168125  -0.000000
56.486170  27.166347  -0.000000
56.537104  27.162743  -0.000000
56.522877  27.159775  1.086379
56.473689  27.142962  2.177909
56.469950  27.121638  2.473451
56.475313  27.106151  2.901675
56.784881  27.139655  -0.000000
56.796318  27.131296  -0.000000
56.771851  27.134553  -0.000000
56.756574  27.132738  0.071389
56.750801  27.142766  -0.000000
56.741347  27.139859  -0.000000
56.729258  27.145287  -0.000000
56.716423  27.141457  1.036117
56.844189  27.084179  -0.000000
56.907537  27.024085  -0.000000
56.936294  26.997327  0.195566
56.934929  26.983980  0.597069
56.938919  26.971669  -0.000000
56.178101  26.912800  -0.000000
56.240851  26.924823  -0.000000
56.209874  26.922546  -0.000000
56.035622  26.757777  -0.000000
56.008978  26.750733  -0.000000
55.988349  26.730171  -0.000000
55.974126  26.717816  -0.000000
55.941507  26.668327  19.049689
55.932324  26.652851  19.346659
55.908050  26.647506  -0.000000
55.959888  26.698461  -0.000000
55.964382  26.671741  27.027967
55.922222  26.606465  44.319102
55.927618  26.570476  52.658083
55.903652  26.539134  56.490830
55.851467  26.507771  53.041112
55.832284  26.424197  57.226936
55.810281  26.317929  71.534423
55.914391  26.247680  90.839170
56.012719  26.220413  84.857670
56.340696  26.335392  -0.000000
56.323503  26.331326  34.888071
56.313091  26.325069  43.857021
56.077750  26.246771  79.383508
56.141347  26.247510  59.333496
56.182395  26.253885  35.089629
56.212034  26.267379  27.848072
56.299919  26.304052  43.073454
56.237668  26.266395  42.253765
56.283612  26.290187  36.167937
56.269343  26.269776  36.318546
56.298620  26.322923  55.452732
56.477358  27.093751  -0.000000
56.281842  26.952713  -0.000000
56.283556  26.929887  8.270176
56.350772  27.099069  10.118608
56.288074  27.077110  12.657867
56.291431  27.021933  18.926765
56.288264  26.982256  14.131847
56.403241  27.095503  5.625314
56.432558  27.081505  -0.000000
56.382270  27.067760  12.805818
56.656716  27.156749  -0.000000
56.666841  27.147031  0.982960
56.701448  27.145029  -0.000000
56.683099  27.146347  -0.000000
56.551266  27.155793  -0.000000
56.567936  27.154396  0.736252
56.581617  27.156496  0.610210
56.642456  27.150806  0.375672
56.629815  27.154681  -0.000000
56.613560  27.152459  0.852438
56.594938  27.152977  0.821373
56.507549  27.146185  2.578176
56.534630  27.147181  2.104452
56.493621  27.118972  5.255260
56.488553  27.099812  4.455224
56.817552  27.112623  -0.000000
56.828052  27.103590  -0.000000
56.833072  27.092464  -0.000000
56.806869  27.114040  -0.000000
56.780596  27.127123  0.220788
56.791093  27.119773  0.509654
56.764202  27.124406  1.071255
56.746720  27.128293  0.604869
56.730142  27.132858  0.242991
56.706099  27.132279  1.063266
56.717375  27.127506  1.322014
56.866314  27.046379  -0.000000
56.862578  27.059807  -0.000000
56.850034  27.073137  -0.000000
56.851315  27.059527  -0.000000
56.834401  27.077760  0.369406
56.892100  27.025455  -0.000000
56.879871  27.029133  -0.000000
56.895946  27.016189  0.028600
56.905246  27.010817  -0.000000
56.863337  27.032369  -0.000000
56.872151  27.021584  -0.000000
56.924371  26.988488  0.025464
56.925840  26.976617  0.456312
56.928063  26.961869  -0.000000
56.308107  26.896265  32.102757
56.331584  26.869721  -0.000000
56.194126  26.898517  21.580951
56.161827  26.894130  -0.000000
56.154210  26.869518  -0.000000
56.142698  26.845634  4.462797
56.120954  26.830196  -0.000000
56.101772  26.812782  -0.000000
56.084793  26.797345  -0.000000
56.266533  26.895147  25.487831
56.225744  26.894518  22.754958
56.050490  26.764122  -0.000000
56.065215  26.774334  1.305911
56.040363  26.744464  16.424642
56.021492  26.723830  22.757610
55.996709  26.706049  19.083645
55.960675  26.647463  33.487465
55.945687  26.625733  36.856101
55.996066  26.676869  28.112483
55.988051  26.651145  34.739380
55.958756  26.585131  54.194648
55.956797  26.534976  56.407781
55.927475  26.466279  57.710191
55.919461  26.361361  70.220940
56.018835  26.306220  90.211220
56.344569  26.356581  -0.000000
56.323035  26.347850  53.264224
56.306793  26.337855  66.603897
56.109586  26.299658  101.004313
56.170497  26.286468  81.207013
56.212970  26.301220  37.984049
56.276169  26.316087  52.045189
56.253248  26.297371  45.170634
56.281890  26.341426  70.852683
56.349953  26.365979  -0.000000
56.487981  27.084060  -0.000000
56.311097  26.956713  32.901576
56.328563  26.924761  34.962593
56.345460  26.890162  -0.000000
56.345349  27.042928  15.939445
56.329277  26.993583  19.019617
56.420806  27.060857  -0.000000
56.391181  27.040434  16.664426
56.443110  27.036522  -0.000000
56.653345  27.141019  1.430784
56.670849  27.133356  0.998603
56.690768  27.131211  1.127339
56.557184  27.138662  2.360601
56.580302  27.141689  1.589348
56.630796  27.137704  1.515425
56.602965  27.134616  1.923083
56.531801  27.119926  5.413294
56.508493  27.096124  8.567427
56.810081  27.100126  0.387505
56.820279  27.086936  0.473330
56.791530  27.103363  1.408921
56.775228  27.113054  2.000000
56.754241  27.110674  2.000000
56.729732  27.114745  2.024919
56.704480  27.116189  2.049698
56.856243  27.037063  -0.000000
56.849630  27.049199  -0.000000
56.838965  27.062369  0.320735
56.819866  27.067474  2.711275
56.357997  26.373546  -0.000000
56.368829  26.377236  0.984897
56.444340  26.327649  -0.000000
56.386703  26.367599  -0.000000
56.482096  26.325873  -0.000000
56.470027  26.325538  -0.000000
56.493033  26.333538  -0.000000
56.912568  26.997346  -0.000000
56.881525  27.015944  0.161062
56.893322  27.004645  0.721311
56.858482  27.025233  -0.000000
56.866451  27.015087  1.299520
56.912218  26.982164  1.131390
56.916543  26.971528  -0.000000
56.292945  26.867904  43.976071
56.315159  26.851897  -0.000000
56.195085  26.868587  31.505040
56.081822  26.771371  25.013114
56.170773  26.839249  39.280108
56.148196  26.824041  36.765002
56.133035  26.804109  41.900391
56.109310  26.784872  26.480402
56.247993  26.857476  31.097173
56.071375  26.747904  37.572560
56.054220  26.722416  42.520487
56.040334  26.689138  41.580068
55.992098  26.614974  44.882346
56.027033  26.644671  45.920895
56.008114  26.558143  57.236189
56.015167  26.490665  66.450058
56.013500  26.405768  81.214599
56.084439  26.361807  83.477448
56.337427  26.371318  17.173391
56.322027  26.367409  51.761583
56.300621  26.358532  84.081094
56.164651  26.349138  99.879491
56.239724  26.340552  84.010368
56.269416  26.372603  101.279385
56.344631  26.380495  17.177475
56.369891  26.885045  -0.000000
56.505040  27.074602  1.240138
56.496971  27.049505  -0.000000
56.355080  26.957070  29.323053
56.368080  26.918458  18.730637
56.475388  27.032880  -0.000000
56.384442  27.000580  22.528335
56.423037  27.030037  6.273478
56.451846  27.018914  9.138200
56.652412  27.120465  2.627518
56.678631  27.114062  2.468848
56.577171  27.112983  5.523856
56.621022  27.109878  5.222011
56.543960  27.079366  11.113850
56.796205  27.080200  2.663394
56.769706  27.092984  2.420985
56.739861  27.090559  2.566465
56.715307  27.097130  3.598224
56.693450  27.096384  5.129161
56.843452  27.032135  -0.000000
56.828545  27.047113  2.683312
56.800800  27.050462  9.532297
56.356757  26.387089  20.190276
56.370723  26.387992  18.400610
56.409422  26.355827  -0.000000
56.422496  26.347071  -0.000000
56.436513  26.340898  -0.000000
56.450515  26.338243  -0.000000
56.386113  26.381433  5.696215
56.397050  26.379569  23.372274
56.401236  26.370512  7.275114
56.412686  26.367542  -0.000000
56.478470  26.335672  -0.000000
56.464912  26.338665  -0.000000
56.488095  26.341944  -0.000000
56.893807  26.988057  2.781820
56.870837  26.999512  3.461149
56.849259  27.013161  3.350398
56.900178  26.970946  2.701331
56.916602  26.959683  0.096685
56.928603  26.942572  1.064488
56.288296  26.836909  38.988841
56.319229  26.828413  -0.000000
56.210924  26.826690  32.403189
56.109979  26.751873  56.376789
56.173523  26.801012  42.259491
56.144458  26.771744  55.525034
56.256422  26.812558  37.171051
56.097537  26.706738  61.720223
56.089279  26.643373  61.437624
56.056370  26.592510  62.663399
56.069495  26.530572  69.176001
56.115621  26.448206  90.728767
56.325952  26.386123  44.967091
56.300561  26.384046  79.973038
56.219720  26.405995  90.673728
56.273983  26.405055  99.348313
56.339702  26.398916  42.010634
56.400466  26.905395  22.173885
56.397074  26.883701  -0.000000
56.343134  26.821864  -0.000000
56.367975  26.828643  -0.000000
56.390656  26.841980  0.885228
56.408912  26.860965  1.968598
56.522733  27.045304  12.470676
56.500924  27.026600  10.171204
56.409019  26.948306  25.323846
56.479548  27.003450  16.332039
56.438149  26.991677  24.629201
56.435919  26.916184  39.492329
56.659826  27.086765  9.154733
56.602965  27.066726  16.163352
56.559520  27.039880  17.872101
56.761170  27.060046  2.989081
56.709009  27.067770  9.614676
56.818555  27.021035  6.678503
56.780456  27.026898  6.022707
56.358661  26.404344  43.612465
56.379108  26.403209  39.473299
56.423454  26.360987  -0.000000
56.434769  26.353895  -0.000000
56.445963  26.348339  -0.000000
56.458231  26.349023  0.131602
56.398542  26.395715  34.718419
56.412657  26.382585  15.080364
56.424098  26.373110  2.914603
56.472658  26.348471  -0.000000
56.873721  26.973728  6.556951
56.837775  26.985959  5.067135
56.888177  26.950515  4.982079
56.906162  26.936475  10.718522
56.916575  26.914722  10.931457
56.991684  26.858709  1.761169
56.952757  26.897690  -0.000000
56.973732  26.876456  0.917118
57.005728  26.838592  3.848507
57.016435  26.818560  0.344876
57.083558  26.488590  -0.000000
56.298029  26.803194  30.437644
56.332825  26.801054  36.119939
56.221746  26.781242  37.143124
56.155373  26.728594  67.138962
56.185527  26.759992  54.558995
56.271546  26.769824  34.937223
56.162199  26.663841  46.695864
56.152202  26.563296  77.019889
56.205796  26.478289  87.849412
56.311364  26.414547  63.742098
56.268851  26.448076  93.865458
56.340844  26.420896  70.049705
56.422811  26.880664  21.902146
56.363222  26.804141  42.220713
56.392944  26.814844  43.665840
56.424707  26.836694  45.786315
56.529981  27.001856  22.197105
56.481001  26.948757  28.653085
56.466300  26.897787  47.937770
56.661291  27.032049  26.933307
56.597961  27.006136  26.710509
56.732157  27.011435  23.807445
56.789599  26.991505  14.622882
56.364832  26.427959  74.240149
56.395779  26.421804  48.815001
56.437251  26.368477  -0.000000
56.449787  26.359633  -0.000000
56.465551  26.360784  3.619610
56.420545  26.405686  22.287349
56.434442  26.385956  15.778135
56.480800  26.359480  1.978758
56.487161  26.348950  -0.000000
57.034272  26.785253  -0.000000
56.851550  26.947373  9.228851
56.810907  26.955384  21.368998
56.880851  26.914877  7.725000
56.914504  26.881987  9.680326
56.970235  26.846383  24.217166
56.946159  26.866309  6.664768
56.984543  26.809205  9.952554
57.038633  26.756256  -0.000000
57.051317  26.731420  -0.000000
57.065288  26.682712  -0.000000
57.074537  26.477658  2.198855
57.072744  26.649900  -0.000000
57.077230  26.624856  -0.000000
57.080228  26.600890  -0.000000
57.083056  26.576225  -0.000000
57.066782  26.492138  12.130247
57.077282  26.502710  6.411466
57.084074  26.548787  -0.000000
57.081559  26.520945  3.064812
57.221257  26.171785  0.951740
57.225113  26.160023  -0.000000
57.189615  26.083610  -0.000000
56.319854  26.770396  61.571768
56.353484  26.778307  63.997093
56.232536  26.717355  66.801640
56.300687  26.734177  61.743147
56.246267  26.623630  81.223968
56.272586  26.525828  90.159972
56.329659  26.458706  107.831601
56.470854  26.855398  52.997146
56.388966  26.780127  63.977384
56.422141  26.797473  64.430163
56.464631  26.805515  59.251884
56.568178  26.942839  33.040965
56.520913  26.887916  39.970316
56.665830  26.953429  37.292665
56.757743  26.948305  35.203540
56.384942  26.458789  123.667851
56.426704  26.439456  97.615163
57.198035  26.039349  -0.000000
57.237535  25.996045  -0.000000
57.253624  25.974882  -0.000000
57.285268  25.902377  -0.000000
57.299087  25.824224  -0.000000
57.308583  25.800021  9.665226
56.394808  25.918879  -0.000000
56.456957  26.377281  10.066844
56.474874  26.370818  15.288028
56.455146  26.408592  21.193897
56.489413  26.369843  23.848215
56.495142  26.358010  7.293086
56.396938  26.257439  -0.000000
57.069467  26.458848  -0.000000
56.995159  26.766101  15.171433
56.817868  26.903762  34.001729
56.871119  26.869291  23.159073
56.919565  26.829019  16.644880
56.950407  26.780513  12.357151
57.007076  26.728783  10.318325
57.024986  26.691785  13.521952
57.042614  26.662483  6.934897
57.058990  26.482137  14.573628
57.059833  26.468703  5.333086
57.051130  26.492188  19.736249
57.042774  26.633245  7.456017
57.052089  26.596324  19.801374
57.058242  26.564609  10.162997
57.055197  26.509540  15.710817
57.053585  26.538407  29.531113
57.116308  26.344078  -0.000000
57.120135  26.334216  -0.000000
57.103351  26.342768  -0.000000
57.091177  26.350360  -0.000000
57.117666  26.323938  0.409798
57.122435  26.312776  -0.000000
57.209736  26.177676  2.111173
57.208299  26.162167  2.135550
57.216523  26.139823  0.197455
57.192729  26.105880  0.643021
57.183621  26.092419  2.019779
57.181153  26.080202  1.343446
57.188418  26.071208  0.084918
56.362553  26.735809  65.716709
56.316944  26.677482  77.404036
56.341137  26.593905  78.966021
56.364192  26.514815  90.245762
56.525764  26.823792  49.520783
56.439455  26.750173  64.989607
56.504865  26.769540  60.705582
56.613383  26.858889  42.755466
56.730098  26.874277  40.194091
56.428483  26.489976  120.197000
56.475330  26.451876  141.808371
57.189550  26.055491  -0.000000
57.184138  26.040880  0.908040
57.202616  26.023907  -0.000000
57.185051  26.027853  0.863139
57.208866  26.006857  0.946951
57.267943  25.946891  -0.000000
57.278959  25.925070  -0.000000
57.221654  25.977504  7.395812
57.236806  25.954818  7.837956
57.258249  25.902966  4.950258
57.261732  25.877709  9.001781
57.293760  25.855889  -0.000000
57.275337  25.824518  10.723441
57.286980  25.800019  12.353262
56.406724  25.928323  -0.000000
56.394499  25.906440  -0.000000
56.406539  25.914486  -0.000000
56.381080  25.844683  -0.000000
56.370434  25.818694  -0.000000
56.481647  26.386699  26.333569
56.490396  26.413177  33.254435
56.499492  26.377025  28.731022
56.504522  26.367023  21.602599
56.409859  26.245422  -0.000000
56.424842  26.240137  -0.000000
56.398910  26.280584  -0.000000
56.409428  26.270242  -0.000000
56.412798  26.258088  -0.000000
56.415983  26.290818  -0.000000
56.444026  26.307202  -0.000000
56.434067  26.231472  -0.000000
56.446419  26.224252  -0.000000
56.504024  26.350188  -0.000000
56.504038  26.342414  -0.000000
56.507346  26.330930  -0.000000
57.054472  26.456814  2.860705
57.063462  26.445723  -0.000000
57.067732  26.433371  -0.000000
57.070092  26.419102  -0.000000
56.956022  26.736583  23.633201
56.822806  26.816786  41.992950
56.896748  26.761642  40.585615
56.976341  26.690537  26.138672
57.007280  26.654764  17.120549
57.042669  26.479999  23.940750
57.039050  26.463741  9.602618
57.032011  26.497124  23.971133
57.004685  26.611134  24.028040
57.018407  26.563295  20.142921
57.024031  26.523262  16.761270
57.077279  26.385251  -0.000000
57.104387  26.331359  0.031212
57.080480  26.364693  -0.000000
57.087502  26.337080  -0.000000
57.075795  26.346720  0.452253
57.100935  26.316867  0.045617
57.109110  26.306599  0.490265
57.121916  26.298834  -0.000000
57.199863  26.189915  0.206931
57.186674  26.206795  4.902788
57.189908  26.173017  3.060742
57.187255  26.150674  4.489004
57.185422  26.127967  6.015421
57.168863  26.107821  4.053701
57.168577  26.084921  3.678135
57.175533  26.068848  1.590549
56.418483  26.659965  74.402082
56.428348  26.561646  83.205366
56.579936  26.765457  56.694557
56.514541  26.702736  64.234034
56.702959  26.764414  51.209411
56.491383  26.513244  68.728825
56.509779  26.432849  115.889770
56.525420  26.465812  147.172821
57.169781  26.052476  2.505759
57.167014  26.034363  2.039772
57.188759  26.010664  1.546688
57.169741  26.017951  1.062859
57.189359  25.982344  10.872540
57.237074  25.924736  10.983359
57.203735  25.950071  17.537977
57.228213  25.884932  22.666643
57.243171  25.842372  27.991462
57.253688  25.800081  44.239268
56.418322  25.921076  -0.000000
56.407571  25.904382  -0.000000
56.403197  25.897369  -0.000000
56.417311  25.907817  5.681027
56.407960  25.888521  -0.000000
56.387059  25.854644  -0.000000
56.389359  25.842819  -0.000000
56.383166  25.829938  -0.000000
56.401826  25.879068  -0.000000
56.382347  25.814255  12.755649
56.362279  25.801873  -0.000000
56.505253  26.390154  24.383763
56.515220  26.408883  22.091713
56.516626  26.371405  -0.000000
56.510515  26.358808  -0.000000
56.424228  26.252012  13.575225
56.435509  26.244691  13.525109
56.419425  26.278677  5.265281
56.423536  26.265326  18.719152
56.432184  26.290571  -0.000000
56.447997  26.297482  -0.000000
56.455206  26.308037  -0.000000
56.463571  26.314904  -0.000000
56.475780  26.315794  -0.000000
56.445625  26.237821  4.607794
56.445462  26.248291  23.676931
56.456404  26.233051  -0.000000
56.516921  26.347662  -0.000000
56.515946  26.334232  -0.000000
56.513916  26.323115  -0.000000
56.490520  26.317322  -0.000000
57.040547  26.447053  3.057715
57.021782  26.453778  11.713343
57.047402  26.434428  1.522880
57.048154  26.418160  2.040914
57.055925  26.398830  5.092495
56.910398  26.691900  45.294091
56.821287  26.715010  55.394470
56.952282  26.639388  41.952322
57.014998  26.476098  20.244212
57.004043  26.501652  25.113059
56.955279  26.579769  44.245958
56.980940  26.529543  37.379461
57.053446  26.376240  7.949253
57.084809  26.320562  2.793679
57.054321  26.350756  3.310875
57.065494  26.330710  1.471690
57.126907  26.272970  -0.000000
57.088704  26.301877  1.793910
57.103002  26.285298  1.860845
57.172658  26.192232  3.230915
57.163503  26.222550  0.294183
57.137916  26.243121  0.244228
57.161637  26.165437  6.603730
57.161741  26.135629  7.101065
57.143375  26.116481  13.185056
57.146575  26.091447  11.744463
57.155719  26.068788  5.049517
56.526406  26.597910  81.929745
56.618103  26.673305  61.601659
56.735102  26.647043  60.000000
56.564312  26.512202  75.774612
56.542531  26.424493  123.118702
56.569185  26.460184  146.013724
57.146730  26.046480  9.230920
57.146644  26.020536  7.555871
57.161239  25.996339  8.277335
57.151900  25.952618  31.633082
57.185616  25.908394  33.039716
57.183436  25.853399  80.603426
57.206031  25.800059  104.528071
56.429153  25.925636  -0.000000
56.428989  25.911820  6.930975
56.416311  25.895796  7.995535
56.426133  25.899343  12.917828
56.413367  25.883240  -0.000000
56.397645  25.863606  -0.000000
56.397044  25.849070  5.826408
56.398444  25.835760  10.027507
56.395456  25.820706  15.971724
56.413601  25.869875  7.806118
56.400402  25.800065  45.939731
56.528140  26.383734  11.449369
56.521914  26.362951  -0.000000
56.438827  26.258410  35.041703
56.436508  26.274523  22.258152
56.451462  26.255368  35.432256
56.449997  26.285498  7.693835
56.458570  26.296099  -0.000000
56.470013  26.303817  -0.000000
56.482668  26.308345  0.220955
56.455888  26.245166  -0.000000
56.492371  26.306908  -0.000000
56.532541  26.349355  -0.000000
56.529469  26.335681  1.301978
56.523987  26.325589  -0.000000
56.502829  26.311259  -0.000000
56.997201  26.454161  28.180530
57.017114  26.427831  14.695346
57.030658  26.395396  8.058579
56.859710  26.608192  57.056633
56.968233  26.482227  42.308227
56.915649  26.527033  60.500288
57.022011  26.362510  18.356259
57.061834  26.305478  5.284428
57.028703  26.323658  24.049471
57.098846  26.255049  4.974484
57.072531  26.276453  7.201676
57.134366  26.195672  4.947386
57.100686  26.221036  9.463485
57.123894  26.145390  19.744511
57.115801  26.102110  32.189853
57.127117  26.068553  23.923943
56.560110  26.395431  99.736102
56.649674  26.562169  71.369487
56.758880  26.559072  61.000000
56.623803  26.473852  89.081626
56.589861  26.424546  160.206961
57.114104  26.034162  44.771184
57.121034  25.993913  33.721750
57.092984  25.952649  45.817634
57.109334  25.884589  94.602212
57.128254  25.800016  102.300045
56.442096  25.918702  3.242122
56.441921  25.929828  -0.000000
56.440920  25.898341  23.215690
56.427136  25.882941  26.967319
56.412715  25.848517  28.065628
56.412922  25.823509  34.367860
56.428917  25.861874  37.847871
56.430086  25.800079  39.615979
56.545157  26.363353  22.856842
56.455082  26.268656  60.919073
56.462052  26.256314  46.755222
56.469638  26.285658  31.398392
56.484656  26.297882  7.773873
56.470739  26.247563  -0.000000
56.501183  26.299732  15.207167
56.549242  26.337128  88.567343
56.538174  26.320115  56.107077
56.519453  26.312574  -0.000000
56.963874  26.430865  49.952110
56.987296  26.388794  40.492116
56.828802  26.506207  62.797543
56.900929  26.456215  64.888808
56.977644  26.340205  55.565072
57.030764  26.279598  34.557027
56.988852  26.296336  55.493659
57.052036  26.231408  35.247517
57.080265  26.179920  36.161718
57.070076  26.122459  62.889633
57.083770  26.068320  71.221851
56.594863  26.381022  142.260297
56.721110  26.471692  85.240198
56.648674  26.412274  100.135784
57.059333  26.007156  79.326717
57.023319  25.924944  97.476417
56.999829  25.800031  105.010278
56.451648  25.936085  -0.000000
56.453083  25.908755  20.485516
56.455868  25.923343  7.646734
56.458299  25.894713  36.555483
56.450702  25.872113  48.277227
56.440431  25.835921  44.072976
56.467025  25.800032  49.271501
56.406615  25.973101  -0.000000
56.416056  25.961531  -0.000000
56.426000  25.950256  -0.000000
56.420501  25.971515  6.299470
56.392345  26.036736  -0.000000
56.584367  26.341223  122.977588
56.477088  26.264818  61.289386
56.492063  26.282832  32.125182
56.485952  26.250735  12.622001
56.480013  26.237535  -0.000000
56.515725  26.286935  37.710356
56.565747  26.313038  125.625489
56.541146  26.296678  82.837591
56.452801  26.206308  -0.000000
56.488945  26.232272  14.584693
56.478667  26.222653  -0.000000
56.912474  26.375939  62.888358
56.816538  26.414971  69.124753
56.926526  26.293968  65.770401
56.980626  26.244237  66.016399
57.000534  26.163529  75.280402
57.016189  26.075454  88.989265
56.641007  26.349287  134.790760
56.721399  26.373208  90.281059
56.963928  26.000600  94.635260
56.914508  25.904559  98.238108
56.860502  25.800016  102.737125
56.439382  25.942344  -0.000000
56.462549  25.936993  8.096319
56.468230  25.908673  30.189806
56.471552  25.924362  22.323875
56.478561  25.885680  55.753688
56.480649  25.845309  57.897867
56.525707  25.800005  85.169529
56.419098  25.982800  37.416168
56.429767  25.963785  2.986344
56.438328  25.954571  9.010559
56.430970  25.976356  10.397925
56.403444  26.025231  -0.000000
56.407242  26.033957  -0.000000
56.610187  26.303500  117.372140
56.504090  26.261962  48.655401
56.497832  26.241794  31.266747
56.536414  26.267826  93.547581
56.571364  26.279575  119.506624
56.456864  26.197946  -0.000000
56.466604  26.208485  -0.000000
56.440094  26.191100  -0.000000
56.438425  26.175447  -0.000000
56.504438  26.229467  39.711691
56.496446  26.218741  26.899888
56.489154  26.209347  -0.000000
56.480883  26.206514  -0.000000
56.814513  26.306491  80.383510
56.885045  26.200544  76.231155
56.919497  26.090608  88.138346
56.686552  26.284465  83.315802
56.606553  25.800041  80.174454
56.731838  25.800022  111.733680
56.850719  26.000801  96.041163
56.788755  25.900854  105.290743
56.451305  25.948857  12.120340
56.467714  25.948217  22.278896
56.479093  25.937617  31.169173
56.576704  25.857894  89.722413
56.492018  25.915181  50.905897
56.521469  25.878084  78.044178
56.429694  25.989102  -0.000000
56.426541  26.001012  -0.000000
56.445185  25.967611  35.989390
56.441578  25.983322  104.901998
56.416794  26.024376  -0.000000
56.420427  26.037887  -0.000000
56.612083  26.253392  114.386759
56.523553  26.238790  70.856075
56.562608  26.243006  91.717632
56.456848  26.189254  -0.000000
56.467973  26.194585  -0.000000
56.452848  26.179917  -0.000000
56.451640  26.169296  -0.000000
56.441927  26.159291  -0.000000
56.515416  26.215735  49.687409
56.502057  26.202971  11.547359
56.487717  26.195857  -0.000000
56.753055  26.202224  96.634472
56.800568  26.102630  88.994618
56.653622  26.203076  104.708633
56.657905  25.894163  100.537960
56.717057  26.005455  101.360643
56.465358  25.963173  61.445249
56.480264  25.954443  50.867929
56.500462  25.946505  63.103125
56.571887  25.917147  94.959680
56.524757  25.925336  79.374913
56.428184  26.016810  -0.000000
56.443049  26.000326  29.968403
56.458991  25.983212  169.275733
56.431262  26.029243  8.725362
56.432610  26.039406  -0.000000
56.588165  26.206708  91.240986
56.544072  26.211733  30.123533
56.466461  26.182719  -0.000000
56.479254  26.186727  -0.000000
56.488414  26.183164  15.039389
56.463622  26.171683  -0.000000
56.461377  26.160142  -0.000000
56.521929  26.192702  35.877498
56.501680  26.185442  26.730606
56.678032  26.116044  99.215000
56.603846  26.155575  113.281664
56.612540  25.977625  103.752363
56.630878  26.045943  98.594289
56.488692  25.976698  79.634931
56.537948  25.969749  80.988990
56.446278  26.020682  112.957058
56.470081  26.008137  117.736305
56.443278  26.036297  33.742495
56.439524  26.046300  -0.000000
56.440496  26.059122  -0.000000
56.552758  26.173446  56.517798
56.478222  26.174147  14.741593
56.494366  26.171075  40.201719
56.471182  26.163879  -0.000000
56.515594  26.166880  59.422939
56.563297  26.136834  106.141556
56.587199  26.097312  103.710760
56.559563  26.033243  90.017165
56.507738  26.011658  73.114375
56.461817  26.033279  108.533325
56.484001  26.031095  94.740172
56.453030  26.052076  31.294927
56.450386  26.068929  -0.000000
56.532403  26.143677  87.080432
56.484256  26.159780  32.116530
56.498033  26.157035  57.737119
56.475775  26.149881  -0.000000
56.507991  26.144778  66.105243
56.540279  26.114150  93.630857
56.534499  26.079362  86.598216
56.506141  26.051012  78.248716
56.474231  26.051385  84.409559
56.461478  26.069217  3.562367
56.504033  26.078704  67.461753
56.514498  26.125969  71.203870
56.487956  26.142661  23.732250
56.499459  26.132440  37.159074
56.509779  26.101737  68.485616
56.478920  26.071625  38.233043
56.490827  26.089782  39.926693
56.497078  26.119028  42.109994
56.489774  26.129762  14.979616
56.459066  26.085606  -0.000000
56.487239  26.105154  28.164862
56.474166  26.091688  -0.000000
56.481719  26.119106  12.375801
56.478411  26.127394  -0.000000
56.445748  26.088692  -0.000000
56.454879  26.099754  -0.000000
56.469865  26.109583  -0.000000
56.467946  26.123713  -0.000000
56.468800  26.133750  -0.000000
56.432559  26.086173  -0.000000
56.419489  26.079904  -0.000000
56.438911  26.096942  -0.000000
56.443156  26.107683  -0.000000
56.453244  26.118081  -0.000000
56.455636  26.134362  -0.000000
56.425801  26.093724  -0.000000
56.413331  26.091339  -0.000000
56.431322  26.105626  -0.000000
56.437422  26.118009  -0.000000
56.443804  26.133463  -0.000000
56.419192  26.102359  16.719944
56.406107  26.097756  -0.000000
56.383281  26.098154  -0.000000
56.370366  26.091821  -0.000000
56.423453  26.115039  21.622498
56.429553  26.128162  -0.000000
56.409905  26.110748  14.561081
56.335846  26.109570  -0.000000
56.350534  26.109334  -0.000000
56.395656  26.105792  -0.000000
56.384088  26.109986  -0.000000
56.372352  26.106331  -0.000000
56.421308  26.136566  -0.000000
56.413323  26.125329  27.762595
56.401700  26.118210  22.008948
56.416538  26.147993  -0.000000
56.415464  26.159907  -0.000000
56.410345  26.171287  -0.000000
56.338607  26.123927  -0.000000
56.350573  26.121000  -0.000000
56.363328  26.124091  -0.000000
56.390627  26.119517  9.767857
56.378525  26.120133  -0.000000
56.408355  26.138915  -0.000000
56.398989  26.129662  15.405072
56.404844  26.151260  -0.000000
56.402915  26.162074  -0.000000
56.393257  26.171927  -0.000000
56.346263  26.133555  -0.000000
56.334842  26.146176  -0.000000
56.357510  26.133196  -0.000000
56.372151  26.132049  -0.000000
56.384802  26.133319  2.233218
56.395129  26.142681  9.190653
56.390664  26.155988  -0.000000
56.349049  26.144788  1.207959
56.343857  26.153184  -0.000000
56.329150  26.156782  -0.000000
56.363697  26.143688  4.280878
56.375068  26.142245  7.663383
56.383122  26.146940  18.320542
56.356837  26.154615  -0.000000
56.349408  26.163557  -0.000000
56.371568  26.155230  4.648617
56.382517  26.160329  -0.000000
56.363444  26.167244  -0.000000
56.376294  26.171550  -0.000000
56.364222  26.180336  -0.000000
56.379963  26.183946  -0.000000
56.368464  26.193102  -0.000000
56.383867  26.196812  -0.000000
